0
1
2
3
4
5
6
7
9
10
11
12
13
16
18
20
25
26
27
28
29
30
31
32
35
36
37
38
39
40
42
43
44
45
48
50
51
52
53
54
56
58
61
62
63
64
65
66
67
69
70
71
72
73
74
77
78
80
81
82
83
84
86
87
90
93
94
96
97
99
100
101
104
106
107
108
109
111
113
114
115
117
118
119
121
122
123
124
126
127
129
130
131
135
136
139
140
141
143
144
146
147
148
150
151
152
154
156
157
158
160
163
164
165
166
169
170
171
172
173
174
176
177
178
179
181
182
183
184
185
186
187
188
190
192
193
194
197
198
199
200
203
205
206
207
208
209
211
212
213
215
216
218
219
220
221
222
225
226
227
228
230
231
232
234
235
236
238
239
241
242
243
244
245
246
249
250
252
253
255
257
258
259
260
261
262
263
264
265
266
267
268
269
270
272
273
274
276
277
278
279
283
284
285
286
287
288
291
295
296
297
298
300
302
303
304
305
308
309
311
315
317
319
320
321
324
325
326
327
330
333
334
336
338
339
340
342
345
346
347
348
349
350
352
353
355
363
365
366
368
369
371
372
373
375
376
379
380
381
382
383
384
386
387
389
390
391
392
395
396
400
401
402
403
404
405
409
410
411
415
416
417
422
423
424
425
426
428
429
430
433
437
438
439
441
442
443
444
445
447
449
450
451
453
454
455
457
458
459
462
463
465
468
469
470
471
475
476
477
480
483
484
485
488
490
491
492
494
495
496
497
498
499
500
501
502
503
505
507
510
512
513
517
518
519
520
523
524
526
527
529
530
531
532
533
535
536
537
539
541
542
543
544
545
546
547
551
552
553
554
555
557
558
560
561
562
563
564
565
566
567
568
570
571
572
573
574
575
577
582
584
586
587
588
589
591
593
595
596
597
598
599
600
601
602
603
604
607
608
610
612
613
614
615
616
617
619
620
623
626
627
628
629
630
631
632
634
635
636
637
638
639
640
641
642
643
644
645
646
647
648
649
651
652
654
655
656
658
660
661
662
663
665
666
667
669
670
671
672
673
674
675
676
677
678
679
680
681
682
683
684
685
686
687
688
690
691
692
693
694
695
696
697
698
700
701
702
703
704
706
707
708
709
710
711
712
713
714
715
716
717
718
721
723
725
726
727
728
730
732
734
738
739
740
741
742
744
746
747
749
750
753
754
755
756
757
760
761
762
763
764
765
766
769
771
772
773
774
775
776
777
778
779
780
781
782
783
784
785
787
788
789
791
792
793
794
796
798
799
800
801
802
803
806
807
808
809
810
811
812
813
814
815
816
817
818
820
821
822
823
824
826
827
828
829
830
832
833
834
835
836
838
840
841
842
843
844
845
846
847
849
851
853
854
855
856
859
860
861
862
864
865
866
869
871
872
873
874
877
880
881
883
884
886
888
889
