1
2
3
4
6
7
8
10
11
12
13
18
21
25
26
27
28
29
31
32
33
35
36
37
38
39
41
42
43
44
45
47
48
50
51
52
53
54
56
61
62
63
64
67
68
69
70
71
72
73
74
77
78
79
80
81
82
83
85
86
87
88
89
92
93
94
95
96
97
99
100
101
104
106
107
109
110
111
112
113
114
115
117
118
119
121
122
123
124
126
127
129
130
131
132
133
134
135
136
137
143
144
146
147
148
150
151
152
154
155
156
157
158
160
163
169
170
171
172
173
174
176
177
178
179
180
181
182
184
187
188
189
190
191
192
197
198
199
200
205
206
207
208
209
211
212
213
214
215
216
217
218
219
220
221
223
225
226
227
228
229
230
231
232
233
234
236
237
238
239
240
242
243
244
245
246
249
250
252
253
255
256
257
258
259
260
261
262
263
264
265
266
267
269
270
272
273
275
276
277
278
280
281
282
284
285
286
287
288
290
291
297
298
299
303
305
306
307
310
312
313
315
317
319
320
321
322
323
325
327
328
329
330
331
335
336
337
338
339
340
342
343
347
348
349
350
351
353
354
356
358
359
363
366
367
368
369
370
371
372
373
374
378
379
380
382
383
386
387
388
395
396
397
398
399
400
403
404
405
408
410
412
416
417
421
422
423
424
425
429
432
433
434
435
437
438
440
442
443
444
446
450
451
455
456
457
459
461
462
468
469
471
474
475
476
477
480
483
485
488
489
490
491
492
493
494
495
496
497
498
499
500
501
503
504
505
506
507
509
510
511
512
513
514
516
517
518
519
520
524
526
529
533
536
537
538
539
540
541
542
543
544
545
546
547
548
551
552
553
554
555
557
558
560
561
562
563
564
565
566
569
570
571
572
573
574
575
576
577
579
584
585
586
587
588
589
591
592
593
595
596
597
598
599
600
601
602
603
606
607
608
610
611
612
613
614
615
616
619
620
621
622
623
626
627
628
629
630
632
633
634
636
637
640
641
642
643
644
645
646
647
648
649
651
652
653
654
656
657
658
659
660
661
662
663
664
665
666
667
669
671
672
674
675
676
677
678
680
681
682
683
684
685
686
687
688
689
691
692
693
694
697
699
700
701
702
703
704
706
707
708
709
711
712
714
715
716
717
718
719
721
722
723
726
727
728
729
730
731
732
738
739
740
741
742
744
745
746
749
750
751
753
754
755
757
758
760
761
762
763
764
765
766
767
768
769
771
773
775
776
777
778
782
783
784
785
786
787
788
789
790
791
792
793
794
796
798
799
800
801
802
803
804
805
806
808
809
810
811
812
813
814
815
816
817
818
820
822
823
824
826
828
829
832
833
834
835
836
839
841
842
844
845
846
847
848
849
850
851
852
853
854
855
856
858
859
860
863
864
865
866
871
873
874
875
877
880
882
883
884
885
886
887
888
889
890
