1
2
3
5
8
9
13
14
17
19
21
22
23
24
25
27
28
29
30
32
33
34
35
36
37
39
40
41
42
43
44
45
46
48
49
50
51
52
53
56
57
58
59
62
63
64
68
69
70
71
73
74
75
76
77
79
81
82
83
84
85
86
87
89
90
93
94
96
98
99
100
101
102
103
104
105
106
107
108
110
111
112
115
116
117
118
119
122
123
126
128
129
131
132
134
135
136
138
139
140
141
142
144
146
147
148
149
151
153
156
157
160
162
165
167
168
173
175
176
177
179
180
181
182
183
184
185
188
189
190
193
194
195
196
198
199
201
202
205
208
209
210
211
212
213
214
215
216
217
218
220
221
223
224
225
226
227
228
229
230
231
232
234
236
237
239
240
244
247
248
249
250
251
252
253
254
257
259
260
261
262
265
266
269
270
273
274
275
276
277
278
279
281
282
283
284
285
286
287
288
289
290
291
292
293
294
295
298
300
301
302
303
304
305
306
307
308
310
311
313
315
316
321
322
323
325
326
327
328
329
330
331
334
335
338
339
341
343
344
345
347
348
350
351
353
357
358
360
361
363
364
366
369
370
372
373
374
375
376
379
381
383
385
386
387
388
390
391
392
393
396
399
400
401
404
406
409
412
413
414
416
420
421
422
423
424
425
426
427
428
429
430
434
436
437
438
440
441
442
447
448
449
450
452
453
456
457
458
459
461
462
463
465
466
467
468
469
470
471
472
474
476
478
480
481
482
484
485
487
488
489
490
491
493
494
495
497
498
499
500
501
502
503
504
505
506
508
509
510
511
512
513
514
515
516
517
519
520
521
522
524
528
529
530
531
532
534
538
539
540
541
542
544
545
546
548
549
551
555
556
558
559
560
561
562
563
565
566
567
569
570
572
574
575
576
577
579
582
583
586
588
589
590
591
592
594
595
596
600
601
602
603
605
606
607
608
609
611
612
613
614
617
618
620
621
622
624
626
627
628
630
631
632
633
636
637
638
639
641
642
643
644
647
648
649
650
652
653
654
655
656
657
660
661
662
663
664
665
666
667
668
672
673
674
676
679
680
681
682
683
685
686
687
688
690
692
693
694
695
697
698
699
700
701
702
703
704
705
706
707
708
710
711
712
713
715
717
718
719
722
723
724
726
727
728
729
732
734
735
737
738
739
740
741
743
744
745
746
748
750
751
754
755
756
757
759
760
761
762
763
764
765
766
769
772
774
780
781
783
784
786
788
789
790
792
793
798
801
802
803
804
806
807
808
810
811
812
814
816
818
819
820
821
825
826
827
828
829
835
836
837
839
840
841
843
845
848
850
852
853
854
856
858
860
861
862
863
866
867
869
870
871
872
873
874
875
876
877
878
879
880
881
882
883
884
885
887
890
891
892
893
896
898
899
900
903
904
905
906
907
910
912
913
914
915
916
918
919
920
921
922
923
924
925
926
927
929
930
931
932
933
935
936
938
939
942
943
945
946
947
948
949
950
952
954
955
956
960
961
963
967
973
974
975
976
977
978
979
980
981
982
983
985
986
987
988
990
991
992
994
996
997
999
1001
1002
1003
1004
1005
1010
1011
1013
1015
1016
1017
1018
1019
1021
1022
1023
1024
1029
1030
1031
1032
1034
1036
1037
1039
1040
1043
1044
1045
1046
1047
1048
1051
1053
1054
1055
1056
1057
1058
1059
1061
1062
1064
1065
1066
1067
1068
1071
1072
1073
1074
1075
1076
1077
1080
1082
1083
1084
1085
1086
1087
1089
1091
1092
1094
1097
1098
1099
1100
1101
1102
1103
1104
1106
1108
1111
1112
1113
1114
1115
1116
1117
1119
1121
1122
1123
1124
1126
1128
1129
1131
1132
1133
1134
1135
1136
1138
1139
1140
1141
1143
1144
1145
1146
1149
1150
1151
1152
1153
1155
1157
1158
1160
1161
1162
1163
1164
1165
1166
1169
1170
1171
1172
1173
1174
1175
1176
1181
1182
1183
1184
1185
1186
1187
1189
1191
1192
1196
1197
1198
1199
1202
1203
1204
1205
1207
1208
1209
1211
1213
1214
1215
1216
1221
1222
1224
1226
1227
1230
1231
1232
1234
1235
1236
1238
1239
1240
1241
1242
1244
1245
1246
1249
1251
1252
1253
1255
1256
1257
1258
1259
1260
1264
1267
1268
1271
1273
1274
1275
1276
1277
1278
1279
1281
1282
1283
1284
1286
1287
1288
1289
1290
1291
1293
1296
1297
1298
1300
1301
1302
1304
1305
1308
1309
1310
1311
1313
1314
1316
1317
1319
1320
1321
1322
1323
1324
1326
1328
1331
1332
1333
1334
1335
1336
1338
1339
1340
1341
1343
1344
1345
1346
1348
1349
1350
1351
1352
1354
1355
1357
1360
1361
1362
1363
1365
1366
1371
1372
1373
1376
1377
1378
1379
1380
1381
1382
1383
1384
1385
1386
1387
1388
1389
1391
1392
1393
1394
1395
1396
1397
1400
1401
1402
1403
1404
1405
1406
1407
1408
1409
1410
1411
1412
1413
1414
1415
1416
1417
1418
1421
1422
1424
1425
1426
1427
1429
1430
1431
1435
1436
1437
1439
1440
1441
1443
1444
1445
1446
1447
1448
1450
1451
1453
1454
1457
1458
1459
1461
1463
1464
1465
1467
1469
1470
1471
1472
1474
1476
1477
1478
1480
1481
1482
1483
1484
1485
1490
1492
1493
1494
1495
1498
1500
1501
1502
1503
1504
1506
1508
1511
1513
1515
1517
1518
1519
1520
1521
1522
1523
1524
1525
1527
1529
1530
1531
1532
1533
1534
1535
1537
1538
1540
1541
1544
1545
1546
1547
1548
1550
1551
1552
1553
1554
1557
1559
1560
1561
1562
1563
1564
1565
1567
1570
1572
1573
1575
1576
1577
1578
1579
1581
1582
1583
1586
1587
1588
1589
1590
1591
1592
1593
1594
1597
1599
1600
1601
1602
1603
1604
1605
1607
1608
1609
1610
1611
1612
1613
1618
1620
1622
1623
1624
1626
1628
1630
1631
1632
1634
1635
1636
1637
1640
1642
1643
1645
1646
1647
1648
1649
1650
1652
1654
1655
1656
1657
1659
1660
1661
1662
1663
1664
1666
1670
1672
1675
1676
1678
1680
1681
1682
1684
1685
1687
1688
1689
1690
1691
1692
1693
1694
1696
1697
1698
1699
1701
1703
1705
1706
1709
1710
1715
1716
1717
1718
1719
1721
1722
1726
1727
1728
1729
1730
1731
1732
1733
1734
1735
1736
1737
1738
1739
1740
1742
1743
1746
1747
1748
1749
1750
1751
1754
1756
1757
1758
1759
1760
1761
1762
1763
1765
1767
1768
1770
1771
1773
1776
1777
1778
1780
1781
1782
1783
1785
1786
1787
1788
1789
1790
1791
1792
1793
1794
1797
1800
1803
1804
1805
1806
1807
1808
1809
1810
1811
1812
1813
1814
1815
1816
1817
1818
1819
1820
1823
1824
1826
1829
1830
1831
1832
1833
1835
1836
1839
1841
1843
1844
1845
1846
1850
1851
1852
1853
1854
1856
1857
1858
1859
1860
1861
1862
1864
1865
1866
1867
1868
1869
1870
1871
1872
1873
1875
1877
1878
1880
1881
1885
1887
1889
1890
1893
1894
1895
1896
1897
1898
1899
1900
1901
1902
1904
1906
1907
1909
1910
1911
1913
1914
1915
1916
1917
1918
1919
1920
1921
1922
1923
1924
1926
1927
1929
1930
1931
1932
1933
1934
1935
1936
1937
1938
1940
1942
1943
1945
1947
1948
1949
1950
1951
1954
1955
1956
1957
1960
1961
1962
1966
1970
1971
1972
1973
1975
1976
1977
1978
1979
1981
1982
1983
1984
1986
1987
1988
1989
1990
1992
1993
1996
1997
1998
1999
2001
2002
2003
2005
2006
2007
2008
2010
2011
2012
2015
2016
2017
2019
2020
2021
2022
2023
2025
2026
2027
2028
2032
2033
2035
2036
2037
2038
2044
2046
2047
2048
2049
2050
2051
2052
2053
2055
2057
2058
2059
2060
2061
2062
2063
2064
2065
2066
2069
2070
2071
2072
2073
2074
2075
2076
2077
2078
2079
2080
2081
2082
2083
2084
2085
2086
2087
2088
2089
2091
2092
2093
2095
2096
2097
2098
2101
2103
2104
2106
2107
2108
2109
2110
2111
2112
2113
2114
2117
2118
2119
2120
2121
2122
2124
2125
2126
2127
2128
2130
2132
2133
2135
2136
2137
2138
2139
2143
2144
2146
2147
2148
2149
2150
2152
2153
2154
2155
2156
2157
2159
2160
